8
0 1 0 0 0 0 0 0
1 0 1 1 1 0 0 0
0 1 0 1 1 0 0 0
0 1 1 0 1 1 0 0
0 1 1 1 0 0 0 1
0 0 0 1 0 0 1 0
0 0 0 0 0 1 0 1
0 0 0 0 1 0 1 0
10
0 1 0 0 0 0 0 0 0 0
1 0 1 0 1 0 0 0 0 0
0 1 0 1 1 0 0 0 0 0
0 0 1 0 1 0 1 1 0 0
0 1 1 1 0 1 0 1 0 0
0 0 0 0 1 0 0 0 0 0
0 0 0 1 0 0 0 1 0 0
0 0 0 1 1 0 1 0 1 1
0 0 0 0 0 0 0 1 0 1
0 0 0 0 0 0 0 1 1 0
12
0 0 0 1 1 0 0 0 0 0 0 0
0 0 0 0 1 1 0 0 0 0 0 0
0 0 0 0 0 0 1 0 0 0 0 0
1 0 0 0 0 0 0 1 0 0 1 0
1 1 0 0 0 0 0 1 0 0 0 0
0 1 0 0 0 0 1 1 0 0 0 0
0 0 1 0 0 1 0 0 0 1 0 0
0 0 0 1 1 1 0 0 0 0 0 1
0 0 0 0 0 0 0 0 0 1 0 1
0 0 0 0 0 0 1 0 1 0 0 0
0 0 0 1 0 0 0 0 0 0 0 1
0 0 0 0 0 0 0 1 1 0 1 0
14
0 1 0 0 1 0 0 0 0 0 0 0 0 1
1 0 0 0 0 0 0 0 0 0 1 0 0 0
0 0 0 0 0 0 1 0 0 0 0 0 0 0
0 0 0 0 0 0 0 0 0 0 0 0 1 0
1 0 0 0 0 1 0 0 0 0 0 0 0 0
0 0 0 0 1 0 0 0 0 1 0 0 0 0
0 0 1 0 0 0 0 0 0 0 0 0 0 0
0 0 0 0 0 0 0 0 0 0 0 0 1 0
0 0 0 0 0 0 0 0 0 0 0 0 1 0
0 0 0 0 0 1 0 0 0 0 0 1 0 1
0 1 0 0 0 0 0 0 0 0 0 1 0 0
0 0 0 0 0 0 0 0 0 1 1 0 0 1
0 0 0 1 0 0 0 1 1 0 0 0 0 0
1 0 0 0 0 0 0 0 0 1 0 1 0 0
16
0 1 1 0 1 0 0 0 0 0 0 0 0 0 0 0
1 0 0 0 0 0 1 0 0 0 0 0 0 0 0 0
1 0 0 0 0 1 0 0 1 0 1 0 0 0 0 0
0 0 0 0 0 0 1 1 0 0 0 0 0 0 0 0
1 0 0 0 0 1 0 0 0 0 0 0 0 0 0 0
0 0 1 0 1 0 1 0 0 1 0 0 0 0 0 0
0 1 0 1 0 1 0 0 0 0 1 1 0 0 0 0
0 0 0 1 0 0 0 0 0 0 1 1 0 0 0 0
0 0 1 0 0 0 0 0 0 1 1 0 0 0 1 0
0 0 0 0 0 1 0 0 1 0 0 0 0 1 1 1
0 0 1 0 0 0 1 1 1 0 0 0 1 0 0 0
0 0 0 0 0 0 1 1 0 0 0 0 1 0 0 0
0 0 0 0 0 0 0 0 0 0 1 1 0 1 0 0
0 0 0 0 0 0 0 0 0 1 0 0 1 0 1 0
0 0 0 0 0 0 0 0 1 1 0 0 0 1 0 1
0 0 0 0 0 0 0 0 0 1 0 0 0 0 1 0
