4
a b c d
0 1 0 0
1 0 0 0
0 0 0 1
0 0 1 0
8
9 o 0 $ p g % 7
0 1 0 1 1 0 0 0
1 0 0 1 1 0 0 1
0 0 0 0 0 1 1 0
1 1 0 0 1 0 0 1
1 1 0 1 0 0 0 1
0 0 1 0 0 0 1 0
0 0 1 0 0 1 0 0
0 1 0 1 1 0 0 0
14
r h i b a p n l u s o d e y
0 1 0 0 1 0 0 0 0 0 0 0 0 1
1 0 0 0 0 0 0 0 0 0 1 0 0 0
0 0 0 0 0 0 1 0 0 0 0 0 0 0
0 0 0 0 0 0 0 0 0 0 0 0 1 0
1 0 0 0 0 1 0 0 0 0 0 0 0 0
0 0 0 0 1 0 0 0 0 1 0 0 0 0
0 0 1 0 0 0 0 0 0 0 0 0 0 0
0 0 0 0 0 0 0 0 0 0 0 0 1 0
0 0 0 0 0 0 0 0 0 0 0 0 1 0
0 0 0 0 0 1 0 0 0 0 0 1 0 1
0 1 0 0 0 0 0 0 0 0 0 1 0 0
0 0 0 0 0 0 0 0 0 1 1 0 0 1
0 0 0 1 0 0 0 1 1 0 0 0 0 0
1 0 0 0 0 0 0 0 0 1 0 1 0 0
26
a b c d e f g h i j k l m n o p q r s t u v w x y z
0 1 0 0 1 0 0 0 1 0 0 0 1 1 1 1 0 1 1 1 0 0 0 0 1 1
1 0 1 1 0 0 0 0 0 1 0 0 0 1 1 1 0 1 0 1 1 0 1 1 1 0
0 1 0 0 0 0 1 0 0 1 1 1 0 1 1 1 1 0 1 1 0 1 1 1 1 0
0 1 0 0 1 1 0 0 1 0 1 0 1 1 1 1 1 0 0 0 1 1 0 0 0 1
1 0 0 1 0 0 1 0 0 0 1 0 0 1 1 0 1 0 1 0 1 1 1 0 1 1
0 0 0 1 0 0 1 0 1 1 0 0 1 1 0 1 1 1 1 1 0 0 0 1 0 0
0 0 1 0 1 1 0 1 0 1 0 1 0 0 0 0 1 1 0 1 1 0 1 1 0 1
0 0 0 0 0 0 1 0 1 0 0 1 0 0 1 1 1 1 0 1 1 0 1 0 0 0
1 0 0 1 0 1 0 1 0 1 1 0 1 1 0 0 0 1 0 0 1 0 0 1 1 0
0 1 1 0 0 1 1 0 1 0 0 1 0 1 1 1 0 1 1 0 0 0 0 1 0 0
0 0 1 1 1 0 0 0 1 0 0 1 0 0 1 0 1 0 1 1 1 1 1 0 1 1
0 0 1 0 0 0 1 1 0 1 1 0 1 1 1 1 1 1 1 0 0 1 1 0 1 0
1 0 0 1 0 1 0 0 1 0 0 1 0 0 0 1 1 1 0 0 0 0 0 0 1 0
1 1 1 1 1 1 0 0 1 1 0 1 0 0 1 0 1 1 0 1 0 0 0 0 0 0
1 1 1 1 1 0 0 1 0 1 1 1 0 1 0 1 1 1 1 0 1 0 0 1 1 0
1 1 1 1 0 1 0 1 0 1 0 1 1 0 1 0 0 0 1 0 0 0 0 0 1 1
0 0 1 1 1 1 1 1 0 0 1 1 1 1 1 0 0 0 0 0 1 0 1 0 0 0
1 1 0 0 0 1 1 1 1 1 0 1 1 1 1 0 0 0 0 1 1 0 1 1 1 0
1 0 1 0 1 1 0 0 0 1 1 1 0 0 1 1 0 0 0 0 0 0 1 1 1 0
1 1 1 0 0 1 1 1 0 0 1 0 0 1 0 0 0 1 0 0 0 0 1 1 1 0
0 1 0 1 1 0 1 1 1 0 1 0 0 0 1 0 1 1 0 0 0 1 1 0 0 1
0 0 1 1 1 0 0 0 0 0 1 1 0 0 0 0 0 0 0 0 1 0 0 0 1 1
0 1 1 0 1 0 1 1 0 0 1 1 0 0 0 0 1 1 1 1 1 0 0 1 1 0
0 1 1 0 0 1 1 0 1 1 0 0 0 0 1 0 0 1 1 1 0 0 1 0 0 0
1 1 1 0 1 0 0 0 1 0 1 1 1 0 1 1 0 1 1 1 0 1 1 0 0 1
1 0 0 1 1 0 1 0 0 0 1 0 0 0 0 1 0 0 0 0 1 1 0 0 1 0
